80 -39 100 -28
84 33 78 42

Coordinates
1      -4.3323     -0.30614       17.535
2      -5.9612     -0.30614       17.535
3      -4.3323       1.3228       17.535
4      -5.4881      0.16306       16.049
5      -5.9612       1.3228       17.535
6      -4.3323     -0.30614       14.628
7       -7.117      0.16306       16.049
8      -4.3323       2.9516       17.535
9      -7.5901     -0.30614       17.535
10      -4.3323       1.3227       14.628
11      -5.9612     -0.30614       14.628
12      -5.9612       2.9516       17.535
13      -7.5901       1.3228       17.535
14      -5.9612       1.3228       14.628
15       -7.117       1.7919       16.049
16       -6.644      0.63226       14.564
17      -7.5901     -0.30614       14.628
18      -4.3323       2.9516       14.628
19      -5.4881      0.16306       13.143
20      -7.5901       2.9516       17.535
21      -5.9612       2.9516       14.628
22      -7.5901       1.3228       14.628
23       -7.117      0.16306       13.143
24      -7.5901       2.9516       14.628
25       -7.117       1.7919       13.143
26      -4.3323     -0.30614       11.721
27      -5.9612     -0.30614       11.721
28      -4.3323       1.3227       11.721
29      -5.9612       1.3228       11.721
30      -7.5901     -0.30614       11.721
31      -4.3323       2.9516       11.721
32      -5.9612       2.9516       11.721
33      -7.5901       1.3228       11.721
34      -7.5901       2.9516       11.721
35      -5.6292      0.83381       9.5072
36      -7.2581      0.83381       9.5072
37      -4.3323     -0.30614        8.742
38      -5.9612     -0.30614        8.742
39      -4.3323       1.3228        8.742
40      -7.2581       2.4627       9.5072
41      -5.9612       1.3228        8.742
42      -7.5901     -0.30614        8.742
43      -4.3323       2.9516        8.742
44      -5.9612       2.9516        8.742
45      -7.5901       1.3228        8.742
46      -7.5901       2.9516        8.742
47       -6.926       1.9738       7.2935
48      -5.6292      0.83381       6.5284
49      -7.2581      0.83381       6.5284
50      -7.2581       2.4627       6.5284
51      -4.3323     -0.30614       5.7632
52      -5.9612     -0.30614       5.7632
53      -4.3323       1.3227       5.7632
54      -5.9612       1.3228       5.7632
55      -7.5901     -0.30614       5.7632
56      -4.3323       2.9516       5.7632
57      -7.5901       1.3228       5.7632
58      -5.9612       2.9516       5.7632
59      -7.5901       2.9516       5.7632
60      -4.8015      0.84968       4.3623
61      -4.8015       2.4786       4.3623
62      -6.4304       2.4786       4.3623
63      -4.3323     -0.30614       2.8816
64      -4.3323       1.3227       2.8816
65      -5.9612     -0.30614       2.8816
66      -5.2707       2.0055       2.9614
67      -5.9612       1.3228       2.8816
68      -7.5901     -0.30614       2.8816
69      -4.3323       2.9516       2.8816
70      -7.5901       1.3228       2.8816
71      -5.9612       2.9516       2.8816
72      -7.5901       2.9516       2.8816
73      -4.8015      0.84968       1.4807
74      -4.8015       2.4786       1.4807
75      -6.4304       2.4786       1.4807
76      -4.3323     -0.30614            0
77      -5.9612     -0.30614            0
78      -4.3323       1.3228            0
79      -5.9612       1.3228            0
80      -4.3323       2.9516            0
81      -7.5901     -0.30614            0
82      -7.5901       1.3228            0
83      -5.9612       2.9516            0
84      -7.5901       2.9516            0
EndCoordinates

Elements
1 84 81 76 59 82 77 79 72 70 67
2 76 80 84 66 78 83 79 73 74 75
3 76 80 66 51 78 74 73 63 64 60
4 80 84 66 56 83 75 74 69 71 61
5 1 20 8 34 5 12 3 14 24 21
6 20 1 9 16 5 2 13 15 4 7
7 1 9 16 26 2 7 4 6 11 19
8 9 20 16 30 13 15 7 17 22 23
9 84 76 66 59 79 73 75 72 67 62
10 20 1 16 34 5 4 15 24 14 25
11 66 80 56 51 74 69 61 60 64 53
12 56 66 51 59 61 60 53 58 62 54
13 56 66 59 84 61 62 58 71 75 72
14 51 56 59 34 53 58 54 41 44 46
15 16 9 30 26 7 17 23 19 11 27
16 30 16 26 34 23 19 27 33 25 29
17 30 16 34 20 23 25 33 22 15 24
18 26 30 34 47 27 33 29 35 36 40
19 66 51 59 76 60 54 62 73 63 67
20 16 26 34 1 19 29 25 4 6 14
21 30 34 47 59 33 40 36 45 46 50
22 34 47 59 51 40 50 46 41 48 54
23 47 59 51 55 50 54 48 49 57 52
24 47 59 55 30 50 57 49 36 45 42
25 51 47 55 26 48 49 52 37 35 38
26 59 51 55 76 54 52 57 67 63 65
27 55 47 30 26 49 36 42 38 35 27
28 81 59 55 76 70 57 68 77 67 65
29 1 31 26 34 10 28 6 14 32 29
30 31 26 34 51 28 29 32 39 37 41
31 8 34 31 1 21 32 18 3 14 10
32 51 31 56 34 39 43 53 41 32 44
33 34 26 47 51 29 35 40 41 37 48
EndElements

Dirichlet_X
1            0
2            0
3            0
5            0
8            0
9            0
12            0
13            0
20            0
76            0
77            0
78            0
79            0
80            0
81            0
82            0
83            0
84            0
EndDirichlet_X

Dirichlet_Y
1            0
2            0
3            0
5            0
8            0
9            0
12            0
13            0
20            0
76            0
77            0
78            0
79            0
80            0
81            0
82            0
83            0
84            0
EndDirichlet_Y

Dirichlet_Z
1            0
3            0
6            0
8            0
9            0
10            0
13            0
17            0
18            0
20            0
22            0
24            0
26            0
28            0
30            0
31            0
33            0
34            0
37            0
39            0
42            0
43            0
45            0
46            0
51            0
53            0
55            0
56            0
57            0
59            0
63            0
64            0
68            0
69            0
70            0
72            0
76            0
78            0
80            0
81            0
82            0
84            0
EndDirichlet_Z

Neumann
1          0.7
3          0.7
6          0.7
8          0.7
9          0.7
10          0.7
13          0.7
17          0.7
18          0.7
20          0.7
22          0.7
24          0.7
26          0.7
28          0.7
30          0.7
31          0.7
33          0.7
34          0.7
37          0.7
39          0.7
42          0.7
43          0.7
45          0.7
46          0.7
51          0.7
53          0.7
55          0.7
56          0.7
57          0.7
59          0.7
63          0.7
64          0.7
68          0.7
69          0.7
70          0.7
72          0.7
76          0.7
78          0.7
80          0.7
81          0.7
82          0.7
84          0.7
EndNeumann
